1 0.313112 0.375183 0.331418 -0.275523 0.343918 -0.142749 -0.210694 0.375183 -0.145865 -0.175534 -0.232945 0.3125 0.265917 -0.192154 -0.164488 -0.170996 0.328486 -0.0165408 0.437714 -0.0645497 0.375 0.283473 0.422339 0.48586 0.3125 -0.144654 0.360477 -0.217667 -0.0803634 -0.220656 -0.0793052 0.391823 -0.0837179 0.313882 0.377964 -0.145865 0.469668 -0.239365 -0.164488 0.265917 0.391055 -0.01786 -0.128103 -0.161374 -0.162822 -0.0332779 -0.239365 -0.164488 -0.0490881 0.203349 -0.150692 -0.19646 -0.217667 0.484908 0.360477 -0.195387 0.375183 0.0162072 -0.0986928 0.469668 -0.17999 0.312653 -0.212715 -0.0954427 0.219178 0.35977 -0.199667 0.188329 0.343918 -0.281193 -0.24544 -0.310891 -0.170996 -0.275523 0.298667 0.316386 0.343918 0.25 -0.184179 0.375 -0.243108 0.438357 0.390673 0.390673 0.359419 0.375 -0.184179 -0.0797884 0.35977 0.23579 0.219178 -0.065129 0.391055 0.265917 0.205164 0.35977 -0.0657952 -0.136797 0.343918 -0.17999 -0.17999 0.296911 -0.210694 -0.361873 -0.174471 0.312653 -0.328976 0.156556 -0.161374 0.469668 -0.24109 -0.148867 0.250122 0.3125 0.284747 0.34375 0.408047 0.250122 -0.192154 -0.160128 -0.212715 0.407046 -0.164488 0.328486 0.265657 0.362982 -0.243267 
0.313112 1 0.315223 0.404213 -0.161375 0.440529 -0.25924 -0.031463 0.283897 -0.226331 -0.0989315 -0.343851 0.313112 0.326191 -0.306845 -0.276057 -0.0749575 0.388882 -0.160553 0.217328 -0.0808452 0.407046 0.386595 0.420228 0.36609 0.344423 -0.0654232 0.36609 -0.22753 -0.12984 -0.228529 -0.132103 0.387683 0.00733967 0.277151 0.418153 -0.258809 0.341176 -0.194865 -0.309019 0.332068 0.426105 -0.233753 -0.371022 -0.242536 -0.0795314 -0.0104197 -0.226843 -0.144209 -0.160873 0.232154 -0.193977 -0.233753 -0.193977 0.426105 0.513312 -0.177416 0.377876 -0.031463 -0.177171 0.403922 -0.160873 0.342634 -0.128084 -0.306812 0.309804 0.420228 -0.243821 0.3086 0.37396 -0.0611137 -0.423189 -0.160873 -0.14349 -0.128897 0.306143 0.243698 0.436613 0.313112 -0.0933186 0.407046 -0.258809 0.380392 0.390459 0.265199 0.423732 0.313112 -0.261082 -0.194865 0.269377 0.306143 0.278431 -0.0469031 0.2635 0.482919 0.340962 0.420228 -0.144209 -0.314821 0.315223 -0.226452 -0.0297155 0.267156 -0.356242 -0.309019 -0.132103 0.342634 -0.144209 0.341176 -0.468902 0.443137 -0.226465 -0.0611137 0.283897 0.313112 0.326912 0.438357 0.245701 0.342634 -0.242668 -0.178492 -0.128084 0.411765 -0.111247 0.457451 0.327829 0.418049 -0.282916 
0.375183 0.315223 1 0.421877 -0.251841 0.468231 -0.211749 -0.08969 0.374389 -0.219411 -0.245968 -0.111327 0.312653 0.392713 -0.167215 -0.0761128 -0.150764 0.392713 -0.259093 0.376344 -0.266398 0.468979 0.437235 0.455312 0.452286 0.437714 -0.120102 0.326842 -0.19631 -0.0557794 -0.267995 -0.116536 0.55127 -0.263317 0.285576 0.50026 -0.186981 0.409203 -0.150175 -0.109026 0.483678 0.389779 -0.142391 -0.263339 -0.234107 -0.204646 -0.21121 -0.245968 -0.240681 -0.0915735 0.361413 -0.0622956 -0.356816 -0.19631 0.421078 0.394464 -0.269806 0.311828 -0.08969 -0.174854 0.503182 -0.25528 0.376344 -0.222539 -0.260606 0.315223 0.424013 -0.144622 0.254173 0.407625 -0.259093 -0.189798 -0.222539 -0.219196 -0.219411 0.263919 0.289832 0.438905 0.53151 -0.229813 0.468979 -0.251841 0.46794 0.547698 0.360083 0.327837 0.343918 -0.19631 -0.150175 0.421078 0.326826 0.315223 -0.139485 0.361413 0.392713 0.358719 0.392713 -0.14194 -0.219196 0.311828 -0.0915735 -0.25528 0.327837 -0.251841 -0.273595 -0.211749 0.407625 -0.273595 0.34655 -0.298688 0.405287 -0.216585 -0.192898 0.43695 0.375183 0.343249 0.375183 0.348383 0.376344 -0.231298 -0.167215 -0.320763 0.342634 -0.174854 0.514977 0.235007 0.3676 -0.223828 
0.331418 0.404213 0.421877 1 -0.301053 0.358719 -0.217024 -0.137354 0.29556 -0.301053 -0.0617011 -0.304083 0.236727 0.322649 -0.209751 -0.129796 -0.149504 0.385846 -0.35006 0.336021 -0.0855718 0.426109 0.411583 0.417444 0.495436 0.394546 -0.196584 0.337134 -0.325285 -0.0667116 -0.231711 -0.217024 0.549358 -0.122345 0.441369 0.443396 -0.202833 0.435839 -0.158408 -0.36239 0.46731 0.372515 -0.186875 -0.339139 -0.281165 -0.123856 -0.102411 -0.255115 -0.196252 -0.209427 0.322649 -0.189992 -0.150797 -0.189992 0.372515 0.486037 -0.156748 0.453456 0.0263453 -0.229479 0.404213 -0.176373 0.304442 -0.209427 -0.268114 0.372588 0.449043 -0.236859 0.409666 0.430758 -0.149578 -0.308589 -0.143319 -0.184047 -0.202833 0.333667 0.389965 0.399179 0.331418 -0.257638 0.5208 -0.202833 0.386424 0.444165 0.38103 0.37659 0.394546 -0.223815 -0.222879 0.46731 0.397175 0.309337 -0.156748 0.417444 0.449043 0.394271 0.512239 -0.295935 -0.322217 0.29556 -0.275535 -0.209427 0.471293 -0.301053 -0.295935 -0.184984 0.336021 -0.229479 0.467464 -0.41156 0.418049 -0.26152 -0.116165 0.327139 0.457673 0.345027 0.426109 0.346259 0.399179 -0.274445 -0.274445 -0.209427 0.449675 -0.163024 0.530507 0.349462 0.338979 -0.297263 
-0.275523 -0.161375 -0.251841 -0.301053 1 -0.219411 -0.146783 -0.0759128 -0.219411 0.394799 -0.0571571 0.261581 -0.307937 -0.181771 0.353471 0.335902 -0.104758 -0.181771 0.316067 -0.137322 -0.0878784 -0.113451 -0.14906 -0.181771 -0.249188 -0.178279 -0.0664259 -0.346729 0.27598 0.367035 -0.116915 0.346778 -0.336061 -0.210309 -0.153124 -0.181731 0.361177 -0.291286 -0.0571571 0.165285 -0.20763 -0.369881 0.329117 0.253814 -0.0878784 -0.0976393 -0.0145622 -0.0902617 -0.175949 0.185901 -0.246672 0.241245 -0.115495 0.34545 -0.24008 -0.238519 -0.0300834 -0.219411 -0.143157 0.131162 -0.226331 -0.0856576 -0.169752 -0.0856576 0.326903 -0.258809 -0.246672 0.261581 -0.153124 -0.0724614 -0.164333 0.32168 -0.0517128 0.249978 -0.00866824 -0.291198 -0.104093 -0.267043 -0.243108 -0.140839 -0.340352 -0.0422905 -0.228361 -0.255042 -0.0929496 -0.198816 -0.275523 0.27598 0.20768 -0.30498 -0.160758 -0.128897 -0.131417 -0.149321 -0.246672 -0.170093 -0.181771 0.404149 0.356399 -0.12212 0.287735 -0.017768 -0.166398 0.361177 0.438273 -0.113879 -0.137322 -0.107702 -0.161375 0.313852 -0.293316 0.367035 -0.0613904 -0.251841 -0.178279 -0.12563 -0.275523 -0.185681 -0.0724614 -0.045157 0.320252 -0.119602 -0.163405 -0.141825 -0.33743 -0.222623 -0.255524 0.424683 
0.343918 0.440529 0.468231 0.358719 -0.219411 1 -0.180011 -0.186981 0.280547 -0.12212 -0.341761 -0.244504 0.250122 0.330114 -0.263339 -0.109026 -0.219196 0.361413 -0.0936046 0.345064 -0.266398 0.343918 0.311185 0.424013 0.389564 0.406449 -0.216585 0.358203 -0.0957992 -0.0557794 -0.301958 -0.180011 0.55127 -0.162806 0.348383 0.531772 -0.219411 0.534509 -0.277899 -0.240681 0.452378 0.452378 -0.035179 -0.231298 -0.298688 -0.269806 -0.21121 -0.373692 -0.207767 -0.189798 0.361413 -0.162806 -0.356816 -0.129303 0.421078 0.394464 -0.139485 0.374389 -0.12212 -0.14194 0.534509 -0.25528 0.438905 -0.157056 -0.260606 0.221244 0.392713 -0.244504 0.411191 0.407625 -0.292191 -0.25528 -0.25528 -0.116548 -0.154551 0.35828 0.258178 0.376344 0.53151 -0.263317 0.343918 -0.413993 0.561919 0.422621 0.45389 0.327837 0.375183 -0.0957992 -0.118244 0.421078 0.389734 0.315223 -0.237226 0.236215 0.330114 0.516614 0.424013 -0.14194 -0.219196 0.43695 -0.0260908 -0.288022 0.327837 -0.251841 -0.273595 -0.243487 0.470186 -0.207767 0.315223 -0.201816 0.311307 -0.248746 -0.225996 0.40567 0.406449 0.438211 0.437714 0.254173 0.376344 -0.327422 -0.0710916 -0.288022 0.46794 -0.339422 0.514977 0.297545 0.3676 -0.189059 
-0.142749 -0.25924 -0.211749 -0.217024 -0.146783 -0.180011 1 0.215162 -0.243487 0.0177374 0.190588 -0.0807568 -0.142749 -0.245868 -0.152896 -0.107489 0.321664 -0.245868 0.00655885 -0.200839 0.233432 -0.269638 -0.229805 -0.277625 -0.204588 -0.206193 0.0558295 -0.14095 -0.0331963 0.0231986 0.442864 -0.127044 -0.368159 0.37472 -0.222539 -0.229805 -0.0480708 -0.132103 0.190588 -0.0740941 -0.262243 -0.135215 -0.0240786 0.0746701 0.331719 0.229845 0.223269 0.320178 0.293246 -0.120681 -0.182354 -0.101182 0.338517 -0.0671893 -0.294 -0.272702 0.329014 -0.180011 0.248066 -0.0740941 -0.195671 0.377615 -0.169102 0.344395 -0.0817463 -0.227456 -0.309382 -0.0469762 -0.158814 -0.359527 0.275209 0.0786373 0.145077 0.00922141 0.215162 -0.242593 -0.213274 -0.232577 -0.206193 0.37472 -0.206193 0.379682 -0.217523 -0.187629 -0.187629 -0.256534 -0.174471 -0.0671893 0.0609983 -0.198729 -0.210679 -0.291024 0.295958 -0.118841 -0.245868 -0.184984 -0.150598 -0.0406996 -0.199074 -0.0847988 -0.0542416 0.377615 -0.28826 0.0177374 -0.0740941 0.355975 -0.169102 0.360035 -0.195671 0.0368577 -0.153955 -0.0420633 0.342372 -0.180011 -0.269638 -0.172125 -0.206193 -0.158814 -0.169102 0.367255 0.00965123 0.178297 -0.34466 0.32664 -0.230486 -0.251081 -0.199502 -0.0672475 
-0.210694 -0.031463 -0.08969 -0.137354 -0.0759128 -0.186981 0.215162 1 -0.154551 -0.00866824 0.273889 -0.0835981 -0.0486217 -0.0519709 -0.0119381 -0.210072 0.356399 -0.116871 -0.267276 -0.137322 0.246897 -0.178279 -0.116389 -0.181771 -0.216674 -0.145865 0.20032 -0.119133 -0.106104 -0.166455 0.235205 -0.0809749 -0.238519 0.171775 -0.348471 -0.181731 -0.0759128 -0.161375 0.174575 0.0287916 -0.24008 -0.11028 -0.189597 -0.0119381 0.313852 0.24014 0.192545 0.0752612 0.267656 0.0501216 -0.214221 -0.106104 0.329117 -0.106104 -0.20763 -0.173492 0.172584 -0.154551 0.226688 -0.0735786 -0.161375 0.32168 -0.0724614 0.185901 -0.135093 -0.128897 -0.214221 -0.0490802 -0.185681 -0.267043 0.316067 -0.017768 0.219846 -0.104758 0.125821 -0.0629273 -0.00564051 -0.137322 -0.178279 0.27598 -0.0486217 0.26031 -0.130927 -0.157786 -0.157786 -0.198816 -0.0810361 0.0675704 0.0752612 -0.24008 -0.193368 -0.323764 0.24014 -0.181771 -0.0519709 -0.137354 -0.149321 -0.107702 -0.104758 -0.12212 -0.119602 0.219846 -0.133979 -0.143157 -0.175949 0.28097 -0.202183 0.438273 -0.193853 -0.188311 -0.0984487 0.000260494 0.213124 -0.154551 -0.178279 -0.0928121 -0.113451 -0.153124 -0.202183 0.253814 -0.178033 0.287735 -0.130927 0.370026 -0.0778296 -0.125368 -0.157304 -0.116027 
0.375183 0.283897 0.374389 0.29556 -0.219411 0.280547 -0.243487 -0.154551 1 -0.08969 -0.150175 -0.21121 0.343918 0.204915 -0.135174 -0.174854 -0.219196 0.392713 -0.0936046 0.376344 -0.169526 0.375183 0.279673 0.330114 0.420925 0.375183 -0.0557794 0.326842 -0.162806 -0.248746 -0.301958 -0.0530612 0.457186 -0.129303 0.285576 0.437235 -0.186981 0.34655 -0.0863133 -0.207767 0.26458 0.389779 -0.106654 -0.167215 -0.104945 -0.172065 -0.0780332 -0.182106 -0.0431992 -0.0915735 0.173615 -0.19631 -0.249604 -0.0957992 0.389779 0.519909 -0.139485 0.374389 -0.12212 -0.0761128 0.377876 -0.0915735 0.188661 -0.222539 -0.0696277 0.25257 0.361413 -0.144622 0.411191 0.313783 -0.192898 -0.157056 -0.124315 -0.150764 -0.154551 0.201011 0.384795 0.251222 0.343918 -0.29682 0.343918 -0.251841 0.342634 0.328814 0.328814 0.296568 0.312653 -0.263317 -0.150175 0.421078 0.326826 0.283897 -0.106904 0.267514 0.298814 0.29556 0.361413 -0.0761128 -0.253412 0.217986 -0.157056 -0.157056 0.296568 -0.316702 -0.207767 -0.211749 0.376344 -0.14194 0.221244 -0.266398 0.530593 -0.216585 -0.126702 0.311828 0.343918 0.343249 0.343918 0.348383 0.313783 -0.103133 -0.00700903 -0.157056 0.342634 -0.174854 0.389779 0.235007 0.304442 -0.258597 
-0.145865 -0.226331 -0.219411 -0.301053 0.394799 -0.12212 0.0177374 -0.00866824 -0.08969 1 -0.0240525 0.296099 -0.113451 -0.246672 0.320252 0.267656 -0.104758 -0.279122 0.247438 -0.267043 -0.154833 -0.307937 -0.181731 -0.181771 -0.18416 -0.178279 0.000260494 -0.216674 0.241245 0.20032 -0.152127 0.215162 -0.271033 -0.140839 -0.250797 -0.247072 0.226688 -0.258809 -0.123366 0.267656 -0.17518 -0.402331 0.329117 0.320252 -0.0209234 -0.131417 -0.118116 -0.0571571 -0.0394552 0.25379 -0.311572 0.241245 -0.0784439 0.27598 -0.27253 -0.238519 -0.0300834 -0.186981 -0.17678 0.165285 -0.226331 -0.0856576 -0.0724614 -0.017768 0.326903 -0.258809 -0.279122 0.123509 -0.153124 -0.202183 -0.0957047 0.38957 -0.017768 0.356399 -0.109535 -0.356418 -0.202546 -0.331904 -0.210694 -0.0713695 -0.307937 -0.0422905 -0.228361 -0.255042 -0.190205 -0.101561 -0.0810361 0.27598 0.273889 -0.30498 -0.160758 -0.031463 -0.0638613 -0.0519709 -0.279122 -0.104614 -0.246672 0.335902 0.356399 -0.251841 0.185901 -0.017768 -0.231234 0.394799 0.370026 -0.146783 -0.169752 -0.00533178 -0.226331 0.313852 -0.293316 0.233663 -0.0270761 -0.219411 -0.243108 -0.0599945 -0.243108 -0.120566 -0.234613 0.0544999 0.253814 -0.153547 -0.195883 -0.107702 -0.27253 -0.222623 -0.321003 0.280493 
-0.175534 -0.0989315 -0.245968 -0.0617011 -0.0571571 -0.341761 0.190588 0.273889 -0.150175 -0.0240525 1 -0.126918 -0.111704 -0.150017 0.00255527 -0.152241 0.309435 -0.150017 -0.207203 -0.169134 0.226614 -0.143619 -0.299561 -0.277819 -0.144309 -0.20745 0.179794 -0.0802831 -0.0114891 -0.181333 0.29334 -0.100989 -0.271862 0.330512 -0.12472 -0.299561 0.00905203 -0.290799 0.250318 0.116543 -0.233388 -0.137537 -0.0418956 0.0679703 0.358462 0.155376 0.280919 0.282913 0.351729 -0.131339 -0.373671 -0.11409 0.35939 -0.11409 -0.201438 -0.143809 0.321665 -0.0543824 0.306993 -0.051447 -0.386732 0.369994 -0.232996 0.202883 -0.0883365 -0.0989315 -0.277819 0.0430141 -0.12472 -0.264927 0.232014 -0.131339 0.269727 -0.0747665 0.174575 -0.0549347 -0.1449 -0.137203 -0.239365 0.262112 -0.0797884 0.306993 -0.188869 -0.220193 -0.252112 -0.194757 -0.111704 -0.0798894 -0.108225 -0.233388 -0.215475 -0.258821 0.188634 -0.181968 -0.0861165 -0.126172 -0.0861165 -0.0178489 -0.00491167 -0.150175 -0.131339 0.303149 -0.0989995 -0.0902617 0.0157491 0.255383 -0.328789 0.250935 -0.0989315 -0.0700443 -0.156891 -0.0828439 0.367158 -0.150175 -0.175534 -0.178222 -0.20745 -0.156776 -0.137203 0.296923 -0.128275 0.202883 -0.348759 0.250935 -0.201438 -0.188274 -0.163949 -0.0476928 
-0.232945 -0.343851 -0.111327 -0.304083 0.261581 -0.244504 -0.0807568 -0.0835981 -0.21121 0.296099 -0.126918 1 -0.199667 -0.29931 0.29308 0.440095 -0.0899084 -0.232681 0.242745 -0.18832 -0.128885 -0.16639 -0.247365 -0.199367 -0.245655 -0.232945 -0.0711371 -0.412555 0.269124 0.202714 -0.0649571 0.358391 -0.321803 -0.123139 -0.199506 -0.314447 0.296099 -0.210478 -0.126918 0.2299 -0.233722 -0.300351 0.272804 0.361288 -0.0601462 -0.107284 -0.0985604 0.00902765 -0.120424 0.321809 -0.232681 0.340444 0.00653778 0.233463 -0.267037 -0.321803 -0.141962 -0.311092 -0.118116 0.2299 -0.243821 -0.0963794 -0.221614 -0.0266813 0.268913 -0.310508 -0.199367 0.291251 -0.199506 -0.18832 -0.144767 0.461205 -0.0615303 0.310696 -0.0490802 -0.29137 -0.27901 -0.288203 -0.232945 -0.0518188 -0.366057 -0.0145622 -0.289668 -0.34374 -0.144049 -0.222053 -0.266223 0.340444 0.314906 -0.333666 -0.190934 -0.0771059 0.0314267 -0.166052 -0.365939 -0.270471 -0.432568 0.2299 0.383533 -0.244504 0.28696 0.0430168 -0.222053 0.434171 0.440095 -0.0469762 -0.155026 -0.120424 -0.243821 0.489762 -0.356354 0.305408 0.0313753 -0.111327 -0.299501 -0.226366 -0.266223 -0.232931 -0.221614 -0.0479586 0.327184 -0.0615303 -0.256325 -0.0853915 -0.233722 -0.177331 -0.200096 0.340007 
0.3125 0.313112 0.312653 0.236727 -0.307937 0.250122 -0.142749 -0.0486217 0.343918 -0.113451 -0.111704 -0.199667 1 0.35977 -0.224179 -0.230283 -0.273594 0.297202 -0.0165408 0.218857 -0.193649 0.28125 0.31497 0.297202 0.391823 0.28125 -0.112509 0.454514 -0.184179 -0.273236 -0.0848678 -0.0793052 0.329131 -0.0837179 0.282494 0.346467 -0.0810361 0.344423 -0.239365 -0.13159 0.265917 0.35977 -0.12502 -0.320256 -0.129099 -0.0976934 -0.133112 -0.175534 -0.0986928 -0.0163627 0.265917 -0.117205 -0.19646 -0.184179 0.328486 0.454514 -0.227951 0.343918 -0.0486217 -0.0657952 0.344423 -0.114539 0.218857 -0.147264 -0.159071 0.25049 0.297202 -0.16639 0.188329 0.250122 -0.115786 -0.147264 -0.17999 -0.102598 -0.145865 0.204351 0.253109 0.250122 0.3125 -0.117205 0.34375 -0.210694 0.344423 0.359419 0.20315 0.328165 0.28125 -0.150692 -0.0797884 0.422339 0.330105 0.313112 -0.0325645 0.14078 0.328486 0.331418 0.35977 -0.230283 -0.170996 0.281387 -0.0163627 -0.147264 0.359419 -0.210694 -0.197386 -0.206193 0.343918 -0.164488 0.219178 -0.258199 0.313112 -0.24109 -0.21503 0.281387 0.375 0.348025 0.40625 0.345271 0.156326 -0.0640513 -0.128103 -0.212715 0.469668 -0.0986928 0.328486 0.20315 0.394546 -0.243267 
0.265917 0.326191 0.392713 0.322649 -0.181771 0.330114 -0.245868 -0.0519709 0.204915 -0.246672 -0.150017 -0.29931 0.35977 1 -0.229937 -0.198632 -0.235914 0.342305 -0.0830537 0.389779 -0.13328 0.422339 0.400058 0.46758 0.474382 0.516192 -0.117409 0.411621 -0.250121 -0.117409 -0.285947 -0.150598 0.404267 -0.183073 0.199829 0.400058 -0.181771 0.388882 -0.118067 -0.198632 0.409347 0.378028 -0.224334 -0.326119 -0.230211 -0.0351472 -0.132738 -0.245869 -0.198632 -0.0836951 0.404943 -0.149549 -0.260093 -0.216597 0.378028 0.372886 -0.230749 0.361413 0.0129293 -0.0998305 0.420228 -0.116457 0.358479 -0.214741 -0.198063 0.451574 0.436261 -0.232681 0.231252 0.26458 -0.0499357 -0.345786 -0.0836951 -0.201677 -0.149321 0.351369 0.451841 0.389779 0.391055 -0.183073 0.391055 -0.246672 0.363414 0.46859 0.312149 0.438768 0.328486 -0.283645 -0.150017 0.409347 0.382842 0.326191 -0.263349 0.342305 0.310986 0.354248 0.436261 -0.0998305 -0.133203 0.392713 -0.0509337 -0.149218 0.344904 -0.279122 -0.165698 -0.245868 0.358479 -0.165698 0.357537 -0.262522 0.363414 -0.117409 -0.248644 0.392713 0.422339 0.339994 0.484908 0.262675 0.358479 -0.197876 -0.133754 -0.214741 0.363414 -0.0998305 0.503303 0.280861 0.404114 -0.203308 
-0.192154 -0.306845 -0.167215 -0.209751 0.353471 -0.263339 -0.152896 -0.0119381 -0.135174 0.320252 0.00255527 0.29308 -0.224179 -0.229937 1 0.33082 -0.0996681 -0.261997 0.210303 -0.249321 -0.0578829 -0.160128 -0.221917 -0.197876 -0.29062 -0.256205 -0.0705191 -0.354868 0.411284 0.22597 -0.112523 0.237217 -0.287609 -0.34372 -0.171894 -0.189638 0.220595 -0.242668 0.0352628 0.33082 -0.218916 -0.347159 0.26025 0.277949 -0.0248069 -0.0990753 -0.116166 -0.0301522 -0.0737496 0.28245 -0.261997 0.205374 -0.0326027 0.239692 -0.250977 -0.351856 -0.0323298 -0.327422 -0.111595 0.162249 -0.338933 -0.0529266 -0.249321 -0.0193889 0.31585 -0.114315 -0.326119 0.190769 -0.268396 -0.121156 -0.0270162 0.28245 0.0812239 0.285861 -0.045157 -0.362966 -0.15908 -0.345445 -0.192154 -0.103491 -0.352282 -0.045157 -0.302834 -0.236718 -0.172659 -0.211695 -0.192154 0.308329 0.1988 -0.315098 -0.298528 -0.114315 -0.0657026 -0.165815 -0.229937 -0.403833 -0.326119 0.263391 0.391005 -0.263339 0.315987 -0.187077 -0.307784 0.486347 0.297106 -0.087877 -0.21728 0.128535 -0.274757 0.372104 -0.302834 0.291856 -0.0948215 -0.231298 -0.256205 -0.165159 -0.288231 -0.268396 -0.185239 -0.0174359 0.212308 0.0141487 -0.238657 0.0948209 -0.218916 -0.268748 -0.307803 0.282694 
-0.164488 -0.276057 -0.0761128 -0.129796 0.335902 -0.109026 -0.107489 -0.210072 -0.174854 0.267656 -0.152241 0.440095 -0.230283 -0.198632 0.33082 1 -0.182262 -0.198632 0.32105 -0.187196 -0.220847 -0.197386 -0.207235 -0.132764 -0.108276 -0.164488 -0.0285526 -0.372264 0.313969 0.276009 -0.228939 0.226457 -0.155711 -0.285327 -0.101195 -0.14092 0.267656 -0.111247 -0.085045 0.168831 -0.16364 -0.328309 0.212693 0.33082 -0.0509647 -0.164979 -0.190489 -0.085045 -0.212121 0.293908 -0.132764 0.172959 -0.125736 0.384475 -0.196574 -0.320704 -0.130698 -0.273595 -0.141825 0.238095 -0.210133 -0.188403 -0.0884555 -0.0850503 0.372594 -0.177171 -0.0998305 0.264933 -0.200324 -0.0884555 -0.131685 0.466162 -0.153952 0.213764 -0.0394552 -0.185132 -0.247718 -0.187196 -0.0986928 -0.179568 -0.197386 -0.0735786 -0.218373 -0.110015 -0.142916 -0.120296 -0.197386 0.419728 0.318131 -0.16364 -0.152035 0.0206013 -0.130698 -0.132764 -0.330367 -0.329163 -0.297433 0.376623 0.321771 -0.14194 0.328359 -0.119501 -0.1861 0.506519 0.341991 -0.207672 -0.0555418 -0.0735931 -0.111247 0.39073 -0.185411 0.343689 -0.166511 -0.0761128 -0.230283 -0.185268 -0.13159 -0.233367 0.0102855 -0.107464 0.364534 -0.0850503 -0.251335 -0.246753 -0.130706 -0.0442115 -0.202482 0.425296 
-0.170996 -0.0749575 -0.150764 -0.149504 -0.104758 -0.219196 0.321664 0.356399 -0.219196 -0.104758 0.309435 -0.0899084 -0.273594 -0.235914 -0.0996681 -0.182262 1 -0.0647292 -0.100126 -0.122964 0.379699 -0.239395 -0.228361 -0.270151 -0.189209 -0.341993 0.191836 -0.1206 -0.116242 -0.0544177 0.387182 -0.199074 -0.256745 0.396825 -0.301641 -0.228361 -0.175705 -0.246289 0.344362 0.0697546 -0.243403 -0.174929 -0.0702419 0.0755725 0.379699 0.261715 0.274277 0.309435 0.321771 -0.0844984 -0.16744 -0.116242 0.35976 -0.079594 -0.209166 -0.222441 0.19044 -0.219196 0.214505 0.0337522 -0.280555 0.273641 -0.15718 0.381082 -0.224133 -0.212023 -0.304388 -0.0534898 -0.23294 -0.225612 0.225708 -0.120312 0.202013 -0.0105263 0.320925 -0.100529 -0.206665 -0.122964 -0.239395 0.250234 -0.136797 0.249978 -0.301972 -0.215375 -0.215375 -0.263473 -0.136797 -0.0429464 -0.109694 -0.174929 -0.375775 -0.280555 0.297353 -0.133203 -0.133203 -0.184047 -0.235914 -0.110257 -0.0853801 -0.219196 -0.156126 0.345268 -0.22927 -0.104758 -0.0742549 0.286949 -0.294044 0.393776 -0.0749575 -0.150114 -0.164906 -0.0895969 0.406726 -0.18498 -0.239395 -0.104956 -0.136797 -0.301641 -0.32826 0.320909 -0.134716 0.45271 -0.267705 0.321771 -0.209166 -0.215375 -0.195921 -0.0641794 
0.328486 0.388882 0.392713 0.385846 -0.181771 0.361413 -0.245868 -0.116871 0.392713 -0.279122 -0.150017 -0.232681 0.297202 0.342305 -0.261997 -0.198632 -0.0647292 1 -0.248644 0.26458 -0.10097 0.35977 0.336995 0.404943 0.443002 0.35977 -0.14959 0.31748 -0.317169 -0.117409 -0.183994 -0.150598 0.498407 -0.0825005 0.356943 0.368527 -0.246672 0.294845 -0.150017 -0.330367 0.409347 0.534622 -0.188574 -0.326119 -0.230211 -0.0351472 -0.199367 -0.34172 -0.264499 -0.149218 0.373624 -0.283645 -0.295852 -0.216597 0.409347 0.404267 -0.263349 0.424013 -0.116871 -0.165698 0.482919 -0.214741 0.26458 -0.149218 -0.229912 0.2635 0.404943 -0.132738 0.356943 0.327179 -0.182408 -0.280263 -0.313025 -0.133203 -0.149321 0.256949 0.325147 0.452378 0.328486 -0.183073 0.35977 -0.441372 0.39476 0.374725 0.374725 0.40748 0.391055 -0.283645 -0.245869 0.346709 0.351369 0.2635 -0.198149 0.310986 0.279667 0.354248 0.373624 -0.198632 -0.16744 0.361413 -0.149218 -0.116457 0.376192 -0.246672 -0.198632 -0.277625 0.358479 -0.198632 0.451574 -0.230211 0.426105 -0.213952 -0.0830537 0.455312 0.453624 0.403341 0.35977 0.356943 0.327179 -0.197876 -0.133754 -0.149218 0.488797 -0.198632 0.409347 0.280861 0.498909 -0.168517 
-0.0165408 -0.160553 -0.259093 -0.35006 0.316067 -0.0936046 0.00655885 -0.267276 -0.0936046 0.247438 -0.207203 0.242745 -0.0165408 -0.0830537 0.210303 0.32105 -0.100126 -0.248644 1 -0.104982 -0.175103 -0.082704 -0.260493 -0.182408 -0.0272204 -0.21503 -0.117774 -0.193135 0.291631 0.120432 -0.0755234 0.308791 -0.30461 -0.169218 -0.183273 -0.127121 0.247438 -0.0611137 -0.072059 0.146921 -0.18189 -0.148772 0.223632 0.278108 -0.10677 0.0533256 -0.0743098 0.0630847 -0.166511 0.238444 -0.0830537 0.256181 -0.0788767 0.39798 -0.115654 -0.205061 -0.11904 -0.259093 -0.130019 0.251398 -0.09426 -0.21192 -0.13808 -0.10799 0.38836 -0.127406 -0.14929 0.13706 -0.116817 -0.00568868 -0.120657 0.273088 -0.142634 0.334319 -0.0270761 -0.138065 -0.263234 -0.171177 -0.115786 -0.098318 -0.21503 -0.0270761 -0.104618 -0.226171 -0.126914 -0.170856 -0.181949 0.256181 0.299586 -0.18189 -0.138065 0.00517912 -0.0500937 -0.182408 -0.182408 -0.182992 -0.215526 0.32105 0.298115 -0.1598 0.203801 -0.10799 -0.137771 0.247438 0.251398 -0.127766 -0.00568868 0.0424439 -0.160553 0.234895 -0.0714719 0.25655 -0.155677 -0.0274091 -0.181949 -0.0716959 -0.082704 -0.116817 -0.270471 -0.0270162 0.345913 -0.0387032 -0.104618 -0.0968591 -0.215008 -0.126914 -0.151144 0.290865 
0.437714 0.217328 0.376344 0.336021 -0.137322 0.345064 -0.200839 -0.137322 0.376344 -0.267043 -0.169134 -0.18832 0.218857 0.389779 -0.249321 -0.187196 -0.122964 0.26458 -0.104982 1 -0.12109 0.468979 0.350576 0.358479 0.394464 0.406449 -0.0407039 0.26902 -0.27274 -0.297992 -0.13957 -0.137364 0.483647 -0.105222 0.373899 0.445113 -0.137322 0.37396 -0.105272 -0.253024 0.236215 0.392713 -0.143508 -0.153197 -0.250252 -0.186319 0.044739 -0.232996 -0.187196 -0.170357 0.389779 -0.239236 -0.39367 -0.105222 0.361413 0.452286 -0.2189 0.376344 -0.137322 -0.0884555 0.405287 -0.203099 0.43695 -0.268582 -0.185011 0.436613 0.452378 -0.155026 0.216881 0.374389 -0.204275 -0.170357 -0.170357 -0.15718 -0.202183 0.333707 0.438211 0.374389 0.406449 -0.306243 0.406449 -0.267043 0.34655 0.421644 0.390375 0.360083 0.343918 -0.239236 -0.137203 0.549212 0.396615 0.342634 -0.0885779 0.327179 0.358479 0.336021 0.421078 -0.154283 -0.191396 0.313783 -0.104875 -0.170357 0.360083 -0.299473 -0.318851 -0.200839 0.311828 -0.318851 0.405287 -0.282543 0.409203 -0.201509 -0.171177 0.313783 0.406449 0.416449 0.375183 0.405302 0.343109 -0.21728 -0.153197 -0.137616 0.315223 -0.22011 0.455312 0.265299 0.327139 -0.228174 
-0.0645497 -0.0808452 -0.266398 -0.0855718 -0.0878784 -0.266398 0.233432 0.246897 -0.169526 -0.154833 0.226614 -0.128885 -0.193649 -0.13328 -0.0578829 -0.220847 0.379699 -0.10097 -0.175103 -0.12109 1 -0.0968246 0 -0.165591 -0.165916 -0.387298 0.0539493 -0.133542 -0.220482 -0.145248 0.328691 -0.258004 -0.22257 0.332884 -0.299863 -0.06506 -0.188311 -0.0808452 0.16069 0.0169882 -0.254444 -0.189823 -0.198291 0.00826898 0.333333 0.193387 0.455393 0.292538 0.254824 -0.13097 -0.13328 -0.0129695 0.35508 -0.0475549 -0.189823 -0.0607009 0.260651 -0.169526 0.146464 -0.118918 -0.177859 0.342211 -0.217962 0.342211 -0.115002 -0.242536 -0.197901 0.0429616 -0.137775 -0.185671 0.337394 -0.13097 0.207017 -0.0794719 0.213419 0.0527632 -0.0245072 -0.0887992 -0.290474 0.298299 -0.0645497 0.280374 -0.177859 -0.14122 -0.14122 -0.117011 -0.161374 -0.151311 -0.201892 -0.0928923 -0.142055 -0.210198 0.361549 -0.13328 -0.165591 -0.248566 -0.230211 -0.186871 -0.185435 -0.137235 -0.232366 0.308412 -0.0524531 -0.221788 -0.118918 0.298957 -0.314834 0.254824 -0.113183 -0.133333 -0.113183 -0.078849 0.234895 -0.266398 -0.193649 -0.138874 -0.0968246 -0.105357 -0.15338 0.2398 -0.190187 0.274614 -0.274874 0.39073 -0.254444 -0.108941 -0.175219 -0.197407 
0.375 0.407046 0.468979 0.426109 -0.113451 0.343918 -0.269638 -0.178279 0.375183 -0.307937 -0.143619 -0.16639 0.28125 0.422339 -0.160128 -0.197386 -0.239395 0.35977 -0.082704 0.468979 -0.0968246 1 0.472456 0.453624 0.423168 0.40625 -0.144654 0.329131 -0.217667 -0.208945 -0.254603 -0.0793052 0.517206 -0.184179 0.439435 0.472456 -0.243108 0.407046 -0.175534 -0.197386 0.265917 0.35977 -0.16074 -0.288231 -0.355023 -0.195387 -0.133112 -0.303196 -0.296078 -0.17999 0.297202 -0.150692 -0.2679 -0.150692 0.453624 0.48586 -0.195387 0.406449 -0.0810361 -0.164488 0.438357 -0.24544 0.375183 -0.278166 -0.254514 0.375735 0.422339 -0.133112 0.313882 0.406449 -0.148867 -0.310891 -0.24544 -0.136797 -0.178279 0.361544 0.411302 0.500244 0.4375 -0.251154 0.4375 -0.243108 0.375735 0.45318 0.45318 0.390673 0.375 -0.318128 -0.27128 0.422339 0.424421 0.375735 -0.227951 0.328486 0.422339 0.362982 0.35977 -0.0657952 -0.205196 0.375183 -0.0490881 -0.212715 0.359419 -0.405181 -0.230283 -0.237915 0.468979 -0.328976 0.375735 -0.290474 0.469668 -0.208945 -0.248112 0.437714 0.5 0.316386 0.4375 0.408047 0.343918 -0.320256 -0.128103 -0.24544 0.407046 -0.197386 0.484908 0.359419 0.457673 -0.208514 
0.283473 0.386595 0.437235 0.411583 -0.14906 0.311185 -0.229805 -0.116389 0.279673 -0.181731 -0.299561 -0.247365 0.31497 0.400058 -0.221917 -0.207235 -0.228361 0.336995 -0.260493 0.350576 0 0.472456 1 0.400058 0.353453 0.377964 -0.143773 0.290266 -0.267906 -0.111373 -0.344293 -0.165859 0.499574 -0.301658 0.328227 0.428571 -0.279743 0.355036 -0.267394 -0.14092 0.388234 0.388234 -0.267768 -0.351032 -0.29277 -0.266678 -0.113201 -0.235226 -0.207235 -0.0886447 0.273932 -0.16665 -0.231765 -0.200402 0.293639 0.404793 -0.2995 0.405723 -0.0837186 -0.174078 0.386595 -0.154613 0.256038 -0.154613 -0.216444 0.355036 0.43159 -0.247365 0.264955 0.382088 -0.193807 -0.187597 -0.220581 -0.193892 -0.279743 0.255478 0.338818 0.350576 0.440959 -0.132898 0.472456 -0.247072 0.402374 0.490233 0.269726 0.391792 0.346467 -0.267906 -0.235226 0.451297 0.350539 0.355036 -0.168212 0.273932 0.368527 0.252517 0.400058 -0.14092 -0.297301 0.405723 -0.187597 -0.187597 0.32879 -0.279743 -0.273551 -0.229805 0.382088 -0.373024 0.355036 -0.29277 0.339256 -0.208572 -0.293836 0.279673 0.346467 0.362734 0.409461 0.359864 0.382088 -0.254196 -0.157359 -0.220581 0.307698 -0.107762 0.388234 0.39573 0.351933 -0.306487 
0.422339 0.420228 0.455312 0.417444 -0.181771 0.424013 -0.277625 -0.181771 0.330114 -0.181771 -0.277819 -0.199367 0.297202 0.46758 -0.197876 -0.132764 -0.270151 0.404943 -0.182408 0.358479 -0.165591 0.453624 0.400058 1 0.380241 0.453624 -0.14959 0.443002 -0.216597 -0.0852287 -0.251963 -0.182354 0.498407 -0.183073 0.294098 0.494654 -0.181771 0.420228 -0.30977 -0.264499 0.471984 0.346709 -0.152815 -0.261997 -0.197901 -0.165548 -0.132738 -0.34172 -0.330367 -0.116457 0.342305 -0.149549 -0.295852 -0.149549 0.503303 0.435647 -0.29595 0.486612 -0.116871 -0.198632 0.514265 -0.214741 0.389779 -0.214741 -0.134364 0.326191 0.498899 -0.199367 0.388366 0.327179 -0.182408 -0.247502 -0.214741 -0.235914 -0.311572 0.225476 0.451841 0.514977 0.35977 -0.183073 0.547477 -0.408922 0.457451 0.46859 0.343437 0.40748 0.391055 -0.149549 -0.277819 0.378028 0.540208 0.326191 -0.198149 0.404943 0.373624 0.291051 0.436261 -0.0998305 -0.16744 0.392713 -0.149218 -0.214741 0.344904 -0.311572 -0.231566 -0.214111 0.389779 -0.264499 0.357537 -0.230211 0.582834 -0.181771 -0.182408 0.424013 0.391055 0.308321 0.391055 0.419789 0.452378 -0.261997 -0.0696322 -0.247502 0.488797 -0.198632 0.471984 0.406013 0.435712 -0.30768 
0.48586 0.36609 0.452286 0.495436 -0.249188 0.389564 -0.204588 -0.216674 0.420925 -0.18416 -0.144309 -0.245655 0.391823 0.474382 -0.29062 -0.108276 -0.189209 0.443002 -0.0272204 0.394464 -0.165916 0.423168 0.353453 0.380241 1 0.391823 -0.115625 0.371162 -0.265307 -0.147869 -0.271611 -0.10913 0.47777 -0.097358 0.306482 0.448234 -0.216674 0.397497 -0.240349 -0.273268 0.404267 0.341506 -0.150876 -0.354868 -0.360159 -0.169957 -0.0787558 -0.240349 -0.174273 -0.0900142 0.348861 -0.198128 -0.330023 -0.265307 0.467027 0.540653 -0.202621 0.420925 0.0434364 -0.174273 0.491719 -0.155666 0.300381 -0.286968 -0.222385 0.397497 0.474382 -0.279035 0.400935 0.519909 -0.193135 -0.35262 -0.319794 -0.292121 -0.281702 0.275192 0.377356 0.394464 0.423168 -0.298897 0.48586 -0.249188 0.513312 0.534168 0.440119 0.343621 0.454514 -0.265307 -0.208336 0.529788 0.401332 0.36609 -0.267949 0.348861 0.380241 0.495436 0.474382 -0.108276 -0.189209 0.295481 -0.254143 -0.188491 0.406321 -0.216674 -0.24027 -0.331866 0.363103 -0.273268 0.303276 -0.295411 0.481904 -0.276844 -0.159952 0.389564 0.517206 0.511241 0.423168 0.43242 0.363103 -0.226373 -0.130001 -0.221317 0.41909 -0.24027 0.435647 0.314721 0.391056 -0.334428 
0.3125 0.344423 0.437714 0.394546 -0.178279 0.406449 -0.206193 -0.145865 0.375183 -0.178279 -0.20745 -0.232945 0.28125 0.516192 -0.256205 -0.164488 -0.341993 0.35977 -0.21503 0.406449 -0.387298 0.40625 0.377964 0.453624 0.391823 1 -0.0482181 0.391823 -0.184179 -0.208945 -0.356445 -0.0475831 0.48586 -0.251154 0.470824 0.440959 -0.210694 0.438357 -0.20745 -0.230283 0.453624 0.35977 -0.19646 -0.384308 -0.322749 -0.065129 -0.299501 -0.303196 -0.164488 -0.17999 0.391055 -0.284641 -0.2679 -0.150692 0.484908 0.48586 -0.227951 0.500244 -0.145865 -0.164488 0.532291 -0.212715 0.406449 -0.278166 -0.254514 0.438357 0.516192 -0.266223 0.345271 0.343918 -0.21503 -0.24544 -0.17999 -0.170996 -0.243108 0.298667 0.537856 0.375183 0.5 -0.217667 0.34375 -0.243108 0.438357 0.45318 0.45318 0.421926 0.25 -0.318128 -0.111704 0.453624 0.45586 0.375735 -0.227951 0.35977 0.422339 0.489237 0.484908 -0.0657952 -0.239395 0.343918 -0.147264 -0.17999 0.390673 -0.307937 -0.230283 -0.364804 0.343918 -0.230283 0.375735 -0.322749 0.438357 -0.144654 -0.314275 0.312653 0.46875 0.316386 0.46875 0.439435 0.468979 -0.160128 -0.128103 -0.278166 0.469668 -0.263181 0.453624 0.296911 0.426109 -0.208514 
-0.144654 -0.0654232 -0.120102 -0.196584 -0.0664259 -0.216585 0.0558295 0.20032 -0.0557794 0.000260494 0.179794 -0.0711371 -0.112509 -0.117409 -0.0705191 -0.0285526 0.191836 -0.14959 -0.117774 -0.0407039 0.0539493 -0.144654 -0.143773 -0.14959 -0.115625 -0.0482181 1 -0.0188929 -0.0583978 -0.124257 0.246894 0.0231986 -0.142327 0.113835 -0.122592 -0.111373 -0.133112 -0.290882 0.343943 0.0729678 -0.140037 -0.172217 -0.0232517 0.0283106 0.253147 0.247568 0.236945 0.179794 0.309849 -0.0749528 -0.0852287 -0.127291 0.270696 -0.127291 -0.204398 -0.013351 0.147075 -0.0236183 0.133633 -0.0623928 -0.194257 0.160688 -0.137187 0.228014 -0.0623835 0.0312018 -0.213952 -0.1396 -0.0903043 -0.169348 0.188491 0.0260362 0.29534 -0.159955 0.300349 0.0704898 -0.043224 -0.137187 -0.208945 0.217175 -0.144654 0.300349 -0.160035 -0.156979 -0.253427 -0.164514 -0.112509 -0.0583978 0.0156454 -0.204398 -0.188225 -0.12984 0.34806 -0.0530479 -0.117409 -0.164116 -0.117409 0.00528752 -0.0544177 -0.120102 -0.108616 0.160688 -0.260962 -0.166455 -0.0285526 0.251615 -0.297992 0.242169 -0.0976315 -0.211647 -0.127827 -0.0911909 0.154462 -0.120102 -0.112509 -0.0218662 -0.0482181 -0.187167 -0.201509 0.357743 -0.103462 0.194351 -0.224452 0.276009 -0.204398 0.0359168 -0.193032 -0.135173 
0.360477 0.36609 0.326842 0.337134 -0.346729 0.358203 -0.14095 -0.119133 0.326842 -0.216674 -0.0802831 -0.412555 0.454514 0.411621 -0.354868 -0.372264 -0.1206 0.31748 -0.193135 0.26902 -0.133542 0.329131 0.290266 0.443002 0.371162 0.391823 -0.0188929 1 -0.265307 -0.276844 -0.101355 -0.172769 0.47777 -0.0301784 0.400935 0.353453 -0.281702 0.36609 -0.0162567 -0.273268 0.372886 0.404267 -0.222535 -0.29062 -0.133542 -0.104628 -0.0453759 -0.208336 -0.108276 -0.221317 0.348861 -0.130948 -0.115046 -0.298897 0.498407 0.446328 -0.169957 0.483647 -0.054105 -0.207271 0.397497 -0.0571885 0.331742 -0.0243628 -0.222385 0.36609 0.411621 -0.312415 0.463904 0.300381 -0.0604034 -0.35262 -0.0243628 -0.154905 -0.119133 0.369797 0.282149 0.363103 0.360477 -0.0637682 0.517206 -0.18416 0.450497 0.440119 0.314721 0.374971 0.329131 -0.198128 -0.208336 0.372886 0.275192 0.240461 -0.137292 0.348861 0.411621 0.337134 0.505762 -0.273268 -0.292121 0.264119 -0.286968 -0.0900142 0.374971 -0.314216 -0.273268 -0.236408 0.26902 -0.174273 0.271869 -0.295411 0.387683 -0.212356 -0.193135 0.295481 0.423168 0.257356 0.423168 0.400935 0.300381 -0.0336296 -0.194249 -0.12284 0.41909 -0.141275 0.341506 0.314721 0.327735 -0.229851 
-0.217667 -0.22753 -0.19631 -0.325285 0.27598 -0.0957992 -0.0331963 -0.106104 -0.162806 0.241245 -0.0114891 0.269124 -0.184179 -0.250121 0.411284 0.313969 -0.116242 -0.317169 0.291631 -0.27274 -0.220482 -0.217667 -0.267906 -0.216597 -0.265307 -0.184179 -0.0583978 -0.265307 1 0.0793887 -0.163414 0.306734 -0.27213 -0.184188 -0.182366 -0.200402 0.34545 -0.160424 -0.0798894 0.313969 -0.185692 -0.319788 0.360942 0.27401 -0.0475549 -0.130314 -0.0518188 0.022711 -0.00330494 0.195889 -0.283645 0.389964 -0.0601071 0.246426 -0.286264 -0.406489 0.00926918 -0.330324 -0.0713695 0.278717 -0.361741 -0.0846568 -0.27274 -0.0846568 0.352637 -0.160424 -0.216597 0.304784 -0.216002 -0.205733 -0.098318 0.266025 -0.0495886 0.140292 0.0328354 -0.345578 -0.261164 -0.205733 -0.217667 -0.112419 -0.385102 0.0328354 -0.175104 -0.261912 -0.161438 -0.240457 -0.150692 0.318195 0.364713 -0.386836 -0.210821 -0.126871 0.00926918 -0.250121 -0.317169 -0.223815 -0.250121 0.243464 0.360177 -0.129303 0.476434 -0.259998 -0.240457 0.41492 0.349222 -0.0331963 -0.038215 0.0672005 -0.428846 0.36747 -0.208656 0.286069 -0.0628681 -0.129303 -0.351615 -0.24739 -0.284641 -0.417814 -0.172229 0.0337821 0.308329 -0.119725 -0.275762 -0.144316 -0.219216 -0.19493 -0.351181 0.352619 
-0.0803634 -0.12984 -0.0557794 -0.0667116 0.367035 -0.0557794 0.0231986 -0.166455 -0.248746 0.20032 -0.181333 0.202714 -0.273236 -0.117409 0.22597 0.276009 -0.0544177 -0.117409 0.120432 -0.297992 -0.145248 -0.208945 -0.111373 -0.0852287 -0.147869 -0.208945 -0.124257 -0.276844 0.0793887 1 0.00245529 0.186353 -0.206815 -0.196184 -0.154879 -0.240971 0.300349 -0.226465 -0.115674 0.208328 0.0530479 -0.172217 0.233952 0.22597 -0.145248 -0.0204125 -0.1396 -0.148503 -0.163913 0.228014 -0.117409 0.251622 -0.0967385 0.182729 -0.107856 -0.271302 -0.0539101 -0.184424 -0.099769 0.174488 -0.12984 -0.108616 -0.137187 0.0260362 0.199423 -0.258673 -0.14959 0.0657884 -0.154879 -0.137187 -0.151803 0.160688 -0.142279 0.156657 -0.0330827 -0.285243 -0.205949 -0.23367 -0.112509 -0.0928444 -0.273236 -0.099769 -0.192244 -0.0926804 -0.156979 -0.132365 -0.112509 0.320515 0.245454 -0.204398 -0.220565 -0.162048 -0.1879 -0.0852287 -0.181771 -0.196584 -0.14959 0.208328 0.262195 -0.0557794 0.127025 -0.00762678 -0.228813 0.433722 0.276009 -0.0420633 -0.00854279 -0.130073 -0.0976315 0.319546 -0.160035 0.272539 -0.0497149 -0.120102 -0.1768 -0.217137 -0.24109 -0.154879 -0.00854279 -0.136406 0.357743 -0.175942 -0.0634102 -0.0623928 -0.140037 -0.221278 -0.257968 0.258057 
-0.220656 -0.228529 -0.267995 -0.231711 -0.116915 -0.301958 0.442864 0.235205 -0.301958 -0.152127 0.29334 -0.0649571 -0.0848678 -0.285947 -0.112523 -0.228939 0.387182 -0.183994 -0.0755234 -0.13957 0.328691 -0.254603 -0.344293 -0.251963 -0.271611 -0.356445 0.246894 -0.101355 -0.163414 0.00245529 1 -0.211875 -0.34131 0.418624 -0.181675 -0.310078 -0.0817029 -0.296556 0.25867 -0.157466 -0.22382 -0.189835 -0.118531 0.0962152 0.398812 0.317823 0.332693 0.397349 0.342851 -0.203023 -0.15001 -0.0542818 0.347104 -0.0906592 -0.257804 -0.137003 0.353198 -0.200067 0.270417 0.0569557 -0.228529 0.365774 -0.207497 0.472424 -0.13284 -0.126488 -0.217978 0.115793 -0.215772 -0.275424 0.283844 -0.0252737 0.152475 -0.0586288 0.270417 -0.114996 -0.190642 -0.173533 -0.322497 0.382246 -0.0848678 0.411266 -0.213648 -0.197076 -0.29893 -0.210339 -0.118815 -0.0179045 -0.088029 -0.155851 -0.251604 -0.296556 0.353198 -0.251963 -0.183994 -0.163135 -0.217978 -0.157466 -0.0586288 -0.234031 -0.0963733 0.401324 -0.24429 -0.0817029 -0.121729 0.442864 -0.275424 0.342851 -0.194515 -0.0219128 -0.213648 -0.102304 0.319781 -0.234031 -0.322497 -0.153051 -0.28855 -0.249869 -0.309388 0.339743 -0.0429435 0.365774 -0.179634 0.378588 -0.291788 -0.264979 -0.248319 0.0389315 
-0.0793052 -0.132103 -0.116536 -0.217024 0.346778 -0.180011 -0.127044 -0.0809749 -0.0530612 0.215162 -0.100989 0.358391 -0.0793052 -0.150598 0.237217 0.226457 -0.199074 -0.150598 0.308791 -0.137364 -0.258004 -0.0793052 -0.165859 -0.182354 -0.10913 -0.0475831 0.0231986 -0.172769 0.306734 0.186353 -0.211875 1 -0.240882 -0.135175 -0.0950893 -0.165859 0.248066 -0.100319 -0.100989 0.293246 -0.135215 -0.230486 0.265998 0.139689 -0.126954 -0.00154952 -0.114537 0.0286009 -0.0740941 0.311175 -0.245868 0.306734 -0.0965978 0.238748 -0.103458 -0.145424 -0.166832 -0.243487 -0.146783 0.159668 -0.163887 -0.120681 -0.200839 -0.153901 0.305792 -0.132103 -0.182354 0.0881463 -0.190677 -0.105627 -0.127766 0.178297 -0.153901 0.217517 -0.0480708 -0.114939 -0.213274 -0.264314 -0.142749 -0.203161 -0.237915 0.0177374 -0.185739 -0.219355 -0.155903 -0.193082 -0.237915 0.204755 0.449768 -0.325757 -0.242593 -0.163887 -0.00154952 -0.182354 -0.214111 -0.0888622 -0.0870836 0.293246 0.391096 -0.180011 0.111857 -0.0210219 -0.161356 0.313874 0.393429 -0.159245 -0.0421515 -0.0406996 -0.163887 0.266195 -0.153955 0.349508 -0.0941851 -0.0530612 -0.111027 -0.236358 -0.174471 -0.0950893 -0.200839 -0.152896 0.334745 -0.0210219 -0.122171 -0.140883 -0.230486 -0.219355 -0.135421 0.356081 
